 displacements (vx,vy,vz) for set NALL and time  0.1000000E+01

         1  0.000000E+00  0.000000E+00  0.000000E+00
         2  1.428571E-06  0.000000E+00  0.000000E+00
         3  1.428571E-06  0.000000E+00  0.000000E+00
         4  0.000000E+00  0.000000E+00  0.000000E+00
         5  0.000000E+00  0.000000E+00  0.000000E+00
         6  1.428571E-06  0.000000E+00  0.000000E+00
         7  1.428571E-06  0.000000E+00  0.000000E+00
         8  0.000000E+00  0.000000E+00  0.000000E+00

 stresses (elem, integ.pnt.,sxx,syy,szz,sxy,sxz,syz) for set COMPONENT and time  0.1000000E+01

         1   1  1.000000E+05  0.000000E+00  0.000000E+00  0.000000E+00  0.000000E+00  0.000000E+00
         2   1  1.000000E+05  0.000000E+00  0.000000E+00  0.000000E+00  0.000000E+00  0.000000E+00
         3   1  1.000000E+05  0.000000E+00  0.000000E+00  0.000000E+00  0.000000E+00  0.000000E+00
         4   1  1.000000E+05  0.000000E+00  0.000000E+00  0.000000E+00  0.000000E+00  0.000000E+00
         5   1  1.000000E+05  0.000000E+00  0.000000E+00  0.000000E+00  0.000000E+00  0.000000E+00
         6   1  1.000000E+05  0.000000E+00  0.000000E+00  0.000000E+00  0.000000E+00  0.000000E+00
